lr0: 0.00859
lrf: 0.09736
momentum: 0.9265
weight_decay: 0.00039
warmup_epochs: 2.7515
warmup_momentum: 0.9339
warmup_bias_lr: 0.08405
box: 0.04787
cls: 0.45805
cls_pw: 0.99234
obj: 1.01935
obj_pw: 0.98835
iou_t: 0.2
anchor_t: 5.22792
fl_gamma: 0.0
hsv_h: 0.01487
hsv_s: 0.50437
hsv_v: 0.41044
degrees: 9.57123
translate: 0.0969
scale: 0.50508
shear: 0.0
perspective: 0.0
flipud: 0.0
fliplr: 0.5
mosaic: 0.75114
mixup: 0.0
copy_paste: 0.0
anchors: 3.1926
